3-th introduced node is assigned with the address: 4:00
2-th introduced node is assigned with the address: 3:00
1-th introduced node is assigned with the address: 2:00
0-th introduced node is assigned with the address: 1:00
7-th introduced node is assigned with the address: 8:01
6-th introduced node is assigned with the address: 7:01
5-th introduced node is assigned with the address: 6:01
4-th introduced node is assigned with the address: 5:01
1  3
1  2
1  1
1  0
2was join
3was join
4was join
9-th introduced node is assigned with the address: 10:02
8-th introduced node is assigned with the address: 9:02
2  7
2  6
2  5
2  4
2  3
4:0already recvice JOINREP mgs
2  2
3:0already recvice JOINREP mgs
2  1
2:0already recvice JOINREP mgs
2  0
5was join
6was join
7was join
8was join
3  9
3  8
3  7
8:0already recvice JOINREP mgs
3  6
7:0already recvice JOINREP mgs
3  5
6:0already recvice JOINREP mgs
3  4
5:0already recvice JOINREP mgs
3  3
3  2
3  1
3  0
9was join
10was join
4  9
10:0already recvice JOINREP mgs
4  8
9:0already recvice JOINREP mgs
4  7
4  6
4  5
4  4
4  3
4  2
4  1
4  0
5  9
5  8
5  7
5  6
5  5
5  4
5  3
5  2
5  1
5  0
6  9
6  8
6  7
6  6
6  5
6  4
6  3
6  2
6  1
6  0
7  9
7  8
7  7
7  6
7  5
7  4
7  3
7  2
7  1
7  0
8  9
8  8
8  7
8  6
8  5
8  4
8  3
8  2
8  1
8  0
9  9
9  8
9  7
9  6
9  5
9  4
9  3
9  2
9  1
9  0
10  9
10  8
10  7
10  6
10  5
10  4
10  3
10  2
10  1
10  0
11  9
11  8
11  7
11  6
11  5
11  4
11  3
11  2
11  1
11  0
12  9
12  8
12  7
12  6
12  5
12  4
12  3
12  2
12  1
12  0
13  9
13  8
13  7
13  6
13  5
13  4
13  3
13  2
13  1
13  0
14  9
14  8
14  7
14  6
14  5
14  4
14  3
14  2
14  1
14  0
15  9
15  8
15  7
15  6
15  5
15  4
15  3
15  2
15  1
15  0
16  9
16  8
16  7
16  6
16  5
16  4
16  3
16  2
16  1
16  0
17  9
17  8
17  7
17  6
17  5
17  4
17  3
17  2
17  1
17  0
18  9
18  8
18  7
18  6
18  5
18  4
18  3
18  2
18  1
18  0
19  9
19  8
19  7
19  6
19  5
19  4
19  3
19  2
19  1
19  0
20  9
20  8
20  7
20  6
20  5
20  4
20  3
20  2
20  1
20  0
21  9
21  8
21  7
21  6
21  5
21  4
21  3
21  2
21  1
21  0
22  9
22  8
22  7
22  6
22  5
22  4
22  3
22  2
22  1
22  0
23  9
23  8
23  7
23  6
23  5
23  4
23  3
23  2
23  1
23  0
24  9
24  8
24  7
24  6
24  5
24  4
24  3
24  2
24  1
24  0
25  9
25  8
25  7
25  6
25  5
25  4
25  3
25  2
25  1
25  0
26  9
26  8
26  7
26  6
26  5
26  4
26  3
26  2
26  1
26  0
27  9
27  8
27  7
27  6
27  5
27  4
27  3
27  2
27  1
27  0
28  9
28  8
28  7
28  6
28  5
28  4
28  3
28  2
28  1
28  0
29  9
29  8
29  7
29  6
29  5
29  4
29  3
29  2
29  1
29  0
30  9
30  8
30  7
30  6
30  5
30  4
30  3
30  2
30  1
30  0
31  9
31  8
31  7
31  6
31  5
31  4
31  3
31  2
31  1
31  0
32  9
32  8
32  7
32  6
32  5
32  4
32  3
32  2
32  1
32  0
33  9
33  8
33  7
33  6
33  5
33  4
33  3
33  2
33  1
33  0
34  9
34  8
34  7
34  6
34  5
34  4
34  3
34  2
34  1
34  0
35  9
35  8
35  7
35  6
35  5
35  4
35  3
35  2
35  1
35  0
36  9
36  8
36  7
36  6
36  5
36  4
36  3
36  2
36  1
36  0
37  9
37  8
37  7
37  6
37  5
37  4
37  3
37  2
37  1
37  0
38  9
38  8
38  7
38  6
38  5
38  4
38  3
38  2
38  1
38  0
39  9
39  8
39  7
39  6
39  5
39  4
39  3
39  2
39  1
39  0
40  9
40  8
40  7
40  6
40  5
40  4
40  3
40  2
40  1
40  0
41  9
41  8
41  7
41  6
41  5
41  4
41  3
41  2
41  1
41  0
42  9
42  8
42  7
42  6
42  5
42  4
42  3
42  2
42  1
42  0
43  9
43  8
43  7
43  6
43  5
43  4
43  3
43  2
43  1
43  0
44  9
44  8
44  7
44  6
44  5
44  4
44  3
44  2
44  1
44  0
45  9
45  8
45  7
45  6
45  5
45  4
45  3
45  2
45  1
45  0
46  9
46  8
46  7
46  6
46  5
46  4
46  3
46  2
46  1
46  0
47  9
47  8
47  7
47  6
47  5
47  4
47  3
47  2
47  1
47  0
48  9
48  8
48  7
48  6
48  5
48  4
48  3
48  2
48  1
48  0
49  9
49  8
49  7
49  6
49  5
49  4
49  3
49  2
49  1
49  0
50  9
50  8
50  7
50  6
50  5
50  4
50  3
50  2
50  1
50  0
51  9
51  8
51  7
51  6
51  5
51  4
51  3
51  2
51  1
51  0
52  9
52  8
52  7
52  6
52  5
52  4
52  3
52  2
52  1
52  0
53  9
53  8
53  7
53  6
53  5
53  4
53  3
53  2
53  1
53  0
54  9
54  8
54  7
54  6
54  5
54  4
54  3
54  2
54  1
54  0
55  9
55  8
55  7
55  6
55  5
55  4
55  3
55  2
55  1
55  0
56  9
56  8
56  7
56  6
56  5
56  4
56  3
56  2
56  1
56  0
57  9
57  8
57  7
57  6
57  5
57  4
57  3
57  2
57  1
57  0
58  9
58  8
58  7
58  6
58  5
58  4
58  3
58  2
58  1
58  0
59  9
59  8
59  7
59  6
59  5
59  4
59  3
59  2
59  1
59  0
60  9
60  8
60  7
60  6
60  5
60  4
60  3
60  2
60  1
60  0
61  9
61  8
61  7
61  6
61  5
61  4
61  3
61  2
61  1
61  0
62  9
62  8
62  7
62  6
62  5
62  4
62  3
62  2
62  1
62  0
63  9
63  8
63  7
63  6
63  5
63  4
63  3
63  2
63  1
63  0
64  9
64  8
64  7
64  6
64  5
64  4
64  3
64  2
64  1
64  0
65  9
65  8
65  7
65  6
65  5
65  4
65  3
65  2
65  1
65  0
66  9
66  8
66  7
66  6
66  5
66  4
66  3
66  2
66  1
66  0
67  9
67  8
67  7
67  6
67  5
67  4
67  3
67  2
67  1
67  0
68  9
68  8
68  7
68  6
68  5
68  4
68  3
68  2
68  1
68  0
69  9
69  8
69  7
69  6
69  5
69  4
69  3
69  2
69  1
69  0
70  9
70  8
70  7
70  6
70  5
70  4
70  3
70  2
70  1
70  0
71  9
71  8
71  7
71  6
71  5
71  4
71  3
71  2
71  1
71  0
72  9
72  8
72  7
72  6
72  5
72  4
72  3
72  2
72  1
72  0
73  9
73  8
73  7
73  6
73  5
73  4
73  3
73  2
73  1
73  0
74  9
74  8
74  7
74  6
74  5
74  4
74  3
74  2
74  1
74  0
75  9
75  8
75  7
75  6
75  5
75  4
75  3
75  2
75  1
75  0
76  9
76  8
76  7
76  6
76  5
76  4
76  3
76  2
76  1
76  0
77  9
77  8
77  7
77  6
77  5
77  4
77  3
77  2
77  1
77  0
78  9
78  8
78  7
78  6
78  5
78  4
78  3
78  2
78  1
78  0
79  9
79  8
79  7
79  6
79  5
79  4
79  3
79  2
79  1
79  0
80  9
80  8
80  7
80  6
80  5
80  4
80  3
80  2
80  1
80  0
81  9
81  8
81  7
81  6
81  5
81  4
81  3
81  2
81  1
81  0
82  9
82  8
82  7
82  6
82  5
82  4
82  3
82  2
82  1
82  0
83  9
83  8
83  7
83  6
83  5
83  4
83  3
83  2
83  1
83  0
84  9
84  8
84  7
84  6
84  5
84  4
84  3
84  2
84  1
84  0
85  9
85  8
85  7
85  6
85  5
85  4
85  3
85  2
85  1
85  0
86  9
86  8
86  7
86  6
86  5
86  4
86  3
86  2
86  1
86  0
87  9
87  8
87  7
87  6
87  5
87  4
87  3
87  2
87  1
87  0
88  9
88  8
88  7
88  6
88  5
88  4
88  3
88  2
88  1
88  0
89  9
89  8
89  7
89  6
89  5
89  4
89  3
89  2
89  1
89  0
90  9
90  8
90  7
90  6
90  5
90  4
90  3
90  2
90  1
90  0
91  9
91  8
91  7
91  6
91  5
91  4
91  3
91  2
91  1
91  0
92  9
92  8
92  7
92  6
92  5
92  4
92  3
92  2
92  1
92  0
93  9
93  8
93  7
93  6
93  5
93  4
93  3
93  2
93  1
93  0
94  9
94  8
94  7
94  6
94  5
94  4
94  3
94  2
94  1
94  0
95  9
95  8
95  7
95  6
95  5
95  4
95  3
95  2
95  1
95  0
96  9
96  8
96  7
96  6
96  5
96  4
96  3
96  2
96  1
96  0
97  9
97  8
97  7
97  6
97  5
97  4
97  3
97  2
97  1
97  0
98  9
98  8
98  7
98  6
98  5
98  4
98  3
98  2
98  1
98  0
99  9
99  8
99  7
99  6
99  5
99  4
99  3
99  2
99  1
99  0
100  9
100  8
100  7
100  6
100  5
100  4
100  3
100  2
100  1
100  0
101  9
101  8
101  6
101  5
101  4
101  3
101  2
101  1
101  0
102  9
102  8
102  6
102  5
102  4
102  3
102  2
102  1
102  0
103  9
103  8
103  6
103  5
103  4
103  3
103  2
103  1
103  0
104  9
104  8
104  6
104  5
104  4
104  3
104  2
104  1
104  0
105  9
105  8
105  6
105  5
105  4
105  3
105  2
105  1
105  0
106  9
106  8
106  6
106  5
106  4
106  3
106  2
106  1
106  0
107  9
107  8
107  6
107  5
107  4
107  3
107  2
107  1
107  0
108  9
108  8
108  6
108  5
108  4
108  3
108  2
108  1
108  0
109  9
109  8
109  6
109  5
109  4
109  3
109  2
109  1
109  0
110  9
110  8
110  6
110  5
110  4
110  3
110  2
110  1
110  0
111  9
111  8
111  6
111  5
111  4
111  3
111  2
111  1
111  0
112  9
112  8
112  6
112  5
112  4
112  3
112  2
112  1
112  0
113  9
113  8
113  6
113  5
113  4
113  3
113  2
113  1
113  0
114  9
114  8
114  6
114  5
114  4
114  3
114  2
114  1
114  0
115  9
115  8
115  6
115  5
115  4
115  3
115  2
115  1
115  0
116  9
116  8
116  6
116  5
116  4
116  3
116  2
116  1
116  0
117  9
117  8
117  6
117  5
117  4
117  3
117  2
117  1
117  0
118  9
118  8
118  6
118  5
118  4
118  3
118  2
118  1
118  0
119  9
119  8
119  6
119  5
119  4
119  3
119  2
119  1
119  0
120  9
120  8
120  6
120  5
120  4
120  3
120  2
120  1
120  0
121  9
121  8
121  6
121  5
121  4
121  3
121  2
121  1
121  0
122  9
122  8
122  6
122  5
122  4
122  3
122  2
122  1
122  0
123  9
123  8
123  6
123  5
123  4
123  3
123  2
123  1
123  0
124  9
124  8
124  6
124  5
124  4
124  3
124  2
124  1
124  0
125  9
125  8
125  6
125  5
125  4
125  3
125  2
125  1
125  0
126  9
126  8
126  6
126  5
126  4
126  3
126  2
126  1
126  0
127  9
127  8
127  6
127  5
127  4
127  3
127  2
127  1
127  0
128  9
128  8
128  6
128  5
128  4
128  3
128  2
128  1
128  0
129  9
129  8
129  6
129  5
129  4
129  3
129  2
129  1
129  0
130  9
130  8
130  6
130  5
130  4
130  3
130  2
130  1
130  0
131  9
131  8
131  6
131  5
131  4
131  3
131  2
131  1
131  0
132  9
132  8
132  6
132  5
132  4
132  3
132  2
132  1
132  0
133  9
133  8
133  6
133  5
133  4
133  3
133  2
133  1
133  0
134  9
134  8
134  6
134  5
134  4
134  3
134  2
134  1
134  0
135  9
135  8
135  6
135  5
135  4
135  3
135  2
135  1
135  0
136  9
136  8
136  6
136  5
136  4
136  3
136  2
136  1
136  0
137  9
137  8
137  6
137  5
137  4
137  3
137  2
137  1
137  0
138  9
138  8
138  6
138  5
138  4
138  3
138  2
138  1
138  0
139  9
139  8
139  6
139  5
139  4
139  3
139  2
139  1
139  0
140  9
140  8
140  6
140  5
140  4
140  3
140  2
140  1
140  0
141  9
141  8
141  6
141  5
141  4
141  3
141  2
141  1
141  0
142  9
142  8
142  6
142  5
142  4
142  3
142  2
142  1
142  0
143  9
143  8
143  6
143  5
143  4
143  3
143  2
143  1
143  0
144  9
144  8
144  6
144  5
144  4
144  3
144  2
144  1
144  0
145  9
145  8
145  6
145  5
145  4
145  3
145  2
145  1
145  0
146  9
146  8
146  6
146  5
146  4
146  3
146  2
146  1
146  0
147  9
147  8
147  6
147  5
147  4
147  3
147  2
147  1
147  0
148  9
148  8
148  6
148  5
148  4
148  3
148  2
148  1
148  0
149  9
149  8
149  6
149  5
149  4
149  3
149  2
149  1
149  0
150  9
150  8
150  6
150  5
150  4
150  3
150  2
150  1
150  0
151  9
151  8
151  6
151  5
151  4
151  3
151  2
151  1
151  0
152  9
152  8
152  6
152  5
152  4
152  3
152  2
152  1
152  0
153  9
153  8
153  6
153  5
153  4
153  3
153  2
153  1
153  0
154  9
154  8
154  6
154  5
154  4
154  3
154  2
154  1
154  0
155  9
155  8
155  6
155  5
155  4
155  3
155  2
155  1
155  0
156  9
156  8
156  6
156  5
156  4
156  3
156  2
156  1
156  0
157  9
157  8
157  6
157  5
157  4
157  3
157  2
157  1
157  0
158  9
158  8
158  6
158  5
158  4
158  3
158  2
158  1
158  0
159  9
159  8
159  6
159  5
159  4
159  3
159  2
159  1
159  0
160  9
160  8
160  6
160  5
160  4
160  3
160  2
160  1
160  0
161  9
161  8
161  6
161  5
161  4
161  3
161  2
161  1
161  0
162  9
162  8
162  6
162  5
162  4
162  3
162  2
162  1
162  0
163  9
163  8
163  6
163  5
163  4
163  3
163  2
163  1
163  0
164  9
164  8
164  6
164  5
164  4
164  3
164  2
164  1
164  0
165  9
165  8
165  6
165  5
165  4
165  3
165  2
165  1
165  0
166  9
166  8
166  6
166  5
166  4
166  3
166  2
166  1
166  0
167  9
167  8
167  6
167  5
167  4
167  3
167  2
167  1
167  0
168  9
168  8
168  6
168  5
168  4
168  3
168  2
168  1
168  0
169  9
169  8
169  6
169  5
169  4
169  3
169  2
169  1
169  0
170  9
170  8
170  6
170  5
170  4
170  3
170  2
170  1
170  0
171  9
171  8
171  6
171  5
171  4
171  3
171  2
171  1
171  0
172  9
172  8
172  6
172  5
172  4
172  3
172  2
172  1
172  0
173  9
173  8
173  6
173  5
173  4
173  3
173  2
173  1
173  0
174  9
174  8
174  6
174  5
174  4
174  3
174  2
174  1
174  0
175  9
175  8
175  6
175  5
175  4
175  3
175  2
175  1
175  0
176  9
176  8
176  6
176  5
176  4
176  3
176  2
176  1
176  0
177  9
177  8
177  6
177  5
177  4
177  3
177  2
177  1
177  0
178  9
178  8
178  6
178  5
178  4
178  3
178  2
178  1
178  0
179  9
179  8
179  6
179  5
179  4
179  3
179  2
179  1
179  0
180  9
180  8
180  6
180  5
180  4
180  3
180  2
180  1
180  0
181  9
181  8
181  6
181  5
181  4
181  3
181  2
181  1
181  0
182  9
182  8
182  6
182  5
182  4
182  3
182  2
182  1
182  0
183  9
183  8
183  6
183  5
183  4
183  3
183  2
183  1
183  0
184  9
184  8
184  6
184  5
184  4
184  3
184  2
184  1
184  0
185  9
185  8
185  6
185  5
185  4
185  3
185  2
185  1
185  0
186  9
186  8
186  6
186  5
186  4
186  3
186  2
186  1
186  0
187  9
187  8
187  6
187  5
187  4
187  3
187  2
187  1
187  0
188  9
188  8
188  6
188  5
188  4
188  3
188  2
188  1
188  0
189  9
189  8
189  6
189  5
189  4
189  3
189  2
189  1
189  0
190  9
190  8
190  6
190  5
190  4
190  3
190  2
190  1
190  0
191  9
191  8
191  6
191  5
191  4
191  3
191  2
191  1
191  0
192  9
192  8
192  6
192  5
192  4
192  3
192  2
192  1
192  0
193  9
193  8
193  6
193  5
193  4
193  3
193  2
193  1
193  0
194  9
194  8
194  6
194  5
194  4
194  3
194  2
194  1
194  0
195  9
195  8
195  6
195  5
195  4
195  3
195  2
195  1
195  0
196  9
196  8
196  6
196  5
196  4
196  3
196  2
196  1
196  0
197  9
197  8
197  6
197  5
197  4
197  3
197  2
197  1
197  0
198  9
198  8
198  6
198  5
198  4
198  3
198  2
198  1
198  0
199  9
199  8
199  6
199  5
199  4
199  3
199  2
199  1
199  0
200  9
200  8
200  6
200  5
200  4
200  3
200  2
200  1
200  0
201  9
201  8
201  6
201  5
201  4
201  3
201  2
201  1
201  0
202  9
202  8
202  6
202  5
202  4
202  3
202  2
202  1
202  0
203  9
203  8
203  6
203  5
203  4
203  3
203  2
203  1
203  0
204  9
204  8
204  6
204  5
204  4
204  3
204  2
204  1
204  0
205  9
205  8
205  6
205  5
205  4
205  3
205  2
205  1
205  0
206  9
206  8
206  6
206  5
206  4
206  3
206  2
206  1
206  0
207  9
207  8
207  6
207  5
207  4
207  3
207  2
207  1
207  0
208  9
208  8
208  6
208  5
208  4
208  3
208  2
208  1
208  0
209  9
209  8
209  6
209  5
209  4
209  3
209  2
209  1
209  0
210  9
210  8
210  6
210  5
210  4
210  3
210  2
210  1
210  0
211  9
211  8
211  6
211  5
211  4
211  3
211  2
211  1
211  0
212  9
212  8
212  6
212  5
212  4
212  3
212  2
212  1
212  0
213  9
213  8
213  6
213  5
213  4
213  3
213  2
213  1
213  0
214  9
214  8
214  6
214  5
214  4
214  3
214  2
214  1
214  0
215  9
215  8
215  6
215  5
215  4
215  3
215  2
215  1
215  0
216  9
216  8
216  6
216  5
216  4
216  3
216  2
216  1
216  0
217  9
217  8
217  6
217  5
217  4
217  3
217  2
217  1
217  0
218  9
218  8
218  6
218  5
218  4
218  3
218  2
218  1
218  0
219  9
219  8
219  6
219  5
219  4
219  3
219  2
219  1
219  0
220  9
220  8
220  6
220  5
220  4
220  3
220  2
220  1
220  0
221  9
221  8
221  6
221  5
221  4
221  3
221  2
221  1
221  0
222  9
222  8
222  6
222  5
222  4
222  3
222  2
222  1
222  0
223  9
223  8
223  6
223  5
223  4
223  3
223  2
223  1
223  0
224  9
224  8
224  6
224  5
224  4
224  3
224  2
224  1
224  0
225  9
225  8
225  6
225  5
225  4
225  3
225  2
225  1
225  0
226  9
226  8
226  6
226  5
226  4
226  3
226  2
226  1
226  0
227  9
227  8
227  6
227  5
227  4
227  3
227  2
227  1
227  0
228  9
228  8
228  6
228  5
228  4
228  3
228  2
228  1
228  0
229  9
229  8
229  6
229  5
229  4
229  3
229  2
229  1
229  0
230  9
230  8
230  6
230  5
230  4
230  3
230  2
230  1
230  0
231  9
231  8
231  6
231  5
231  4
231  3
231  2
231  1
231  0
232  9
232  8
232  6
232  5
232  4
232  3
232  2
232  1
232  0
233  9
233  8
233  6
233  5
233  4
233  3
233  2
233  1
233  0
234  9
234  8
234  6
234  5
234  4
234  3
234  2
234  1
234  0
235  9
235  8
235  6
235  5
235  4
235  3
235  2
235  1
235  0
236  9
236  8
236  6
236  5
236  4
236  3
236  2
236  1
236  0
237  9
237  8
237  6
237  5
237  4
237  3
237  2
237  1
237  0
238  9
238  8
238  6
238  5
238  4
238  3
238  2
238  1
238  0
239  9
239  8
239  6
239  5
239  4
239  3
239  2
239  1
239  0
240  9
240  8
240  6
240  5
240  4
240  3
240  2
240  1
240  0
241  9
241  8
241  6
241  5
241  4
241  3
241  2
241  1
241  0
242  9
242  8
242  6
242  5
242  4
242  3
242  2
242  1
242  0
243  9
243  8
243  6
243  5
243  4
243  3
243  2
243  1
243  0
244  9
244  8
244  6
244  5
244  4
244  3
244  2
244  1
244  0
245  9
245  8
245  6
245  5
245  4
245  3
245  2
245  1
245  0
246  9
246  8
246  6
246  5
246  4
246  3
246  2
246  1
246  0
247  9
247  8
247  6
247  5
247  4
247  3
247  2
247  1
247  0
248  9
248  8
248  6
248  5
248  4
248  3
248  2
248  1
248  0
249  9
249  8
249  6
249  5
249  4
249  3
249  2
249  1
249  0
250  9
250  8
250  6
250  5
250  4
250  3
250  2
250  1
250  0
251  9
251  8
251  6
251  5
251  4
251  3
251  2
251  1
251  0
252  9
252  8
252  6
252  5
252  4
252  3
252  2
252  1
252  0
253  9
253  8
253  6
253  5
253  4
253  3
253  2
253  1
253  0
254  9
254  8
254  6
254  5
254  4
254  3
254  2
254  1
254  0
255  9
255  8
255  6
255  5
255  4
255  3
255  2
255  1
255  0
256  9
256  8
256  6
256  5
256  4
256  3
256  2
256  1
256  0
257  9
257  8
257  6
257  5
257  4
257  3
257  2
257  1
257  0
258  9
258  8
258  6
258  5
258  4
258  3
258  2
258  1
258  0
259  9
259  8
259  6
259  5
259  4
259  3
259  2
259  1
259  0
260  9
260  8
260  6
260  5
260  4
260  3
260  2
260  1
260  0
261  9
261  8
261  6
261  5
261  4
261  3
261  2
261  1
261  0
262  9
262  8
262  6
262  5
262  4
262  3
262  2
262  1
262  0
263  9
263  8
263  6
263  5
263  4
263  3
263  2
263  1
263  0
264  9
264  8
264  6
264  5
264  4
264  3
264  2
264  1
264  0
265  9
265  8
265  6
265  5
265  4
265  3
265  2
265  1
265  0
266  9
266  8
266  6
266  5
266  4
266  3
266  2
266  1
266  0
267  9
267  8
267  6
267  5
267  4
267  3
267  2
267  1
267  0
268  9
268  8
268  6
268  5
268  4
268  3
268  2
268  1
268  0
269  9
269  8
269  6
269  5
269  4
269  3
269  2
269  1
269  0
270  9
270  8
270  6
270  5
270  4
270  3
270  2
270  1
270  0
271  9
271  8
271  6
271  5
271  4
271  3
271  2
271  1
271  0
272  9
272  8
272  6
272  5
272  4
272  3
272  2
272  1
272  0
273  9
273  8
273  6
273  5
273  4
273  3
273  2
273  1
273  0
274  9
274  8
274  6
274  5
274  4
274  3
274  2
274  1
274  0
275  9
275  8
275  6
275  5
275  4
275  3
275  2
275  1
275  0
276  9
276  8
276  6
276  5
276  4
276  3
276  2
276  1
276  0
277  9
277  8
277  6
277  5
277  4
277  3
277  2
277  1
277  0
278  9
278  8
278  6
278  5
278  4
278  3
278  2
278  1
278  0
279  9
279  8
279  6
279  5
279  4
279  3
279  2
279  1
279  0
280  9
280  8
280  6
280  5
280  4
280  3
280  2
280  1
280  0
281  9
281  8
281  6
281  5
281  4
281  3
281  2
281  1
281  0
282  9
282  8
282  6
282  5
282  4
282  3
282  2
282  1
282  0
283  9
283  8
283  6
283  5
283  4
283  3
283  2
283  1
283  0
284  9
284  8
284  6
284  5
284  4
284  3
284  2
284  1
284  0
285  9
285  8
285  6
285  5
285  4
285  3
285  2
285  1
285  0
286  9
286  8
286  6
286  5
286  4
286  3
286  2
286  1
286  0
287  9
287  8
287  6
287  5
287  4
287  3
287  2
287  1
287  0
288  9
288  8
288  6
288  5
288  4
288  3
288  2
288  1
288  0
289  9
289  8
289  6
289  5
289  4
289  3
289  2
289  1
289  0
290  9
290  8
290  6
290  5
290  4
290  3
290  2
290  1
290  0
291  9
291  8
291  6
291  5
291  4
291  3
291  2
291  1
291  0
292  9
292  8
292  6
292  5
292  4
292  3
292  2
292  1
292  0
293  9
293  8
293  6
293  5
293  4
293  3
293  2
293  1
293  0
294  9
294  8
294  6
294  5
294  4
294  3
294  2
294  1
294  0
295  9
295  8
295  6
295  5
295  4
295  3
295  2
295  1
295  0
296  9
296  8
296  6
296  5
296  4
296  3
296  2
296  1
296  0
297  9
297  8
297  6
297  5
297  4
297  3
297  2
297  1
297  0
298  9
298  8
298  6
298  5
298  4
298  3
298  2
298  1
298  0
299  9
299  8
299  6
299  5
299  4
299  3
299  2
299  1
299  0
300  9
300  8
300  6
300  5
300  4
300  3
300  2
300  1
300  0
301  9
301  8
301  6
301  5
301  4
301  3
301  2
301  1
301  0
302  9
302  8
302  6
302  5
302  4
302  3
302  2
302  1
302  0
303  9
303  8
303  6
303  5
303  4
303  3
303  2
303  1
303  0
304  9
304  8
304  6
304  5
304  4
304  3
304  2
304  1
304  0
305  9
305  8
305  6
305  5
305  4
305  3
305  2
305  1
305  0
306  9
306  8
306  6
306  5
306  4
306  3
306  2
306  1
306  0
307  9
307  8
307  6
307  5
307  4
307  3
307  2
307  1
307  0
308  9
308  8
308  6
308  5
308  4
308  3
308  2
308  1
308  0
309  9
309  8
309  6
309  5
309  4
309  3
309  2
309  1
309  0
310  9
310  8
310  6
310  5
310  4
310  3
310  2
310  1
310  0
311  9
311  8
311  6
311  5
311  4
311  3
311  2
311  1
311  0
312  9
312  8
312  6
312  5
312  4
312  3
312  2
312  1
312  0
313  9
313  8
313  6
313  5
313  4
313  3
313  2
313  1
313  0
314  9
314  8
314  6
314  5
314  4
314  3
314  2
314  1
314  0
315  9
315  8
315  6
315  5
315  4
315  3
315  2
315  1
315  0
316  9
316  8
316  6
316  5
316  4
316  3
316  2
316  1
316  0
317  9
317  8
317  6
317  5
317  4
317  3
317  2
317  1
317  0
318  9
318  8
318  6
318  5
318  4
318  3
318  2
318  1
318  0
319  9
319  8
319  6
319  5
319  4
319  3
319  2
319  1
319  0
320  9
320  8
320  6
320  5
320  4
320  3
320  2
320  1
320  0
321  9
321  8
321  6
321  5
321  4
321  3
321  2
321  1
321  0
322  9
322  8
322  6
322  5
322  4
322  3
322  2
322  1
322  0
323  9
323  8
323  6
323  5
323  4
323  3
323  2
323  1
323  0
324  9
324  8
324  6
324  5
324  4
324  3
324  2
324  1
324  0
325  9
325  8
325  6
325  5
325  4
325  3
325  2
325  1
325  0
326  9
326  8
326  6
326  5
326  4
326  3
326  2
326  1
326  0
327  9
327  8
327  6
327  5
327  4
327  3
327  2
327  1
327  0
328  9
328  8
328  6
328  5
328  4
328  3
328  2
328  1
328  0
329  9
329  8
329  6
329  5
329  4
329  3
329  2
329  1
329  0
330  9
330  8
330  6
330  5
330  4
330  3
330  2
330  1
330  0
331  9
331  8
331  6
331  5
331  4
331  3
331  2
331  1
331  0
332  9
332  8
332  6
332  5
332  4
332  3
332  2
332  1
332  0
333  9
333  8
333  6
333  5
333  4
333  3
333  2
333  1
333  0
334  9
334  8
334  6
334  5
334  4
334  3
334  2
334  1
334  0
335  9
335  8
335  6
335  5
335  4
335  3
335  2
335  1
335  0
336  9
336  8
336  6
336  5
336  4
336  3
336  2
336  1
336  0
337  9
337  8
337  6
337  5
337  4
337  3
337  2
337  1
337  0
338  9
338  8
338  6
338  5
338  4
338  3
338  2
338  1
338  0
339  9
339  8
339  6
339  5
339  4
339  3
339  2
339  1
339  0
340  9
340  8
340  6
340  5
340  4
340  3
340  2
340  1
340  0
341  9
341  8
341  6
341  5
341  4
341  3
341  2
341  1
341  0
342  9
342  8
342  6
342  5
342  4
342  3
342  2
342  1
342  0
343  9
343  8
343  6
343  5
343  4
343  3
343  2
343  1
343  0
344  9
344  8
344  6
344  5
344  4
344  3
344  2
344  1
344  0
345  9
345  8
345  6
345  5
345  4
345  3
345  2
345  1
345  0
346  9
346  8
346  6
346  5
346  4
346  3
346  2
346  1
346  0
347  9
347  8
347  6
347  5
347  4
347  3
347  2
347  1
347  0
348  9
348  8
348  6
348  5
348  4
348  3
348  2
348  1
348  0
349  9
349  8
349  6
349  5
349  4
349  3
349  2
349  1
349  0
350  9
350  8
350  6
350  5
350  4
350  3
350  2
350  1
350  0
351  9
351  8
351  6
351  5
351  4
351  3
351  2
351  1
351  0
352  9
352  8
352  6
352  5
352  4
352  3
352  2
352  1
352  0
353  9
353  8
353  6
353  5
353  4
353  3
353  2
353  1
353  0
354  9
354  8
354  6
354  5
354  4
354  3
354  2
354  1
354  0
355  9
355  8
355  6
355  5
355  4
355  3
355  2
355  1
355  0
356  9
356  8
356  6
356  5
356  4
356  3
356  2
356  1
356  0
357  9
357  8
357  6
357  5
357  4
357  3
357  2
357  1
357  0
358  9
358  8
358  6
358  5
358  4
358  3
358  2
358  1
358  0
359  9
359  8
359  6
359  5
359  4
359  3
359  2
359  1
359  0
360  9
360  8
360  6
360  5
360  4
360  3
360  2
360  1
360  0
361  9
361  8
361  6
361  5
361  4
361  3
361  2
361  1
361  0
362  9
362  8
362  6
362  5
362  4
362  3
362  2
362  1
362  0
363  9
363  8
363  6
363  5
363  4
363  3
363  2
363  1
363  0
364  9
364  8
364  6
364  5
364  4
364  3
364  2
364  1
364  0
365  9
365  8
365  6
365  5
365  4
365  3
365  2
365  1
365  0
366  9
366  8
366  6
366  5
366  4
366  3
366  2
366  1
366  0
367  9
367  8
367  6
367  5
367  4
367  3
367  2
367  1
367  0
368  9
368  8
368  6
368  5
368  4
368  3
368  2
368  1
368  0
369  9
369  8
369  6
369  5
369  4
369  3
369  2
369  1
369  0
370  9
370  8
370  6
370  5
370  4
370  3
370  2
370  1
370  0
371  9
371  8
371  6
371  5
371  4
371  3
371  2
371  1
371  0
372  9
372  8
372  6
372  5
372  4
372  3
372  2
372  1
372  0
373  9
373  8
373  6
373  5
373  4
373  3
373  2
373  1
373  0
374  9
374  8
374  6
374  5
374  4
374  3
374  2
374  1
374  0
375  9
375  8
375  6
375  5
375  4
375  3
375  2
375  1
375  0
376  9
376  8
376  6
376  5
376  4
376  3
376  2
376  1
376  0
377  9
377  8
377  6
377  5
377  4
377  3
377  2
377  1
377  0
378  9
378  8
378  6
378  5
378  4
378  3
378  2
378  1
378  0
379  9
379  8
379  6
379  5
379  4
379  3
379  2
379  1
379  0
380  9
380  8
380  6
380  5
380  4
380  3
380  2
380  1
380  0
381  9
381  8
381  6
381  5
381  4
381  3
381  2
381  1
381  0
382  9
382  8
382  6
382  5
382  4
382  3
382  2
382  1
382  0
383  9
383  8
383  6
383  5
383  4
383  3
383  2
383  1
383  0
384  9
384  8
384  6
384  5
384  4
384  3
384  2
384  1
384  0
385  9
385  8
385  6
385  5
385  4
385  3
385  2
385  1
385  0
386  9
386  8
386  6
386  5
386  4
386  3
386  2
386  1
386  0
387  9
387  8
387  6
387  5
387  4
387  3
387  2
387  1
387  0
388  9
388  8
388  6
388  5
388  4
388  3
388  2
388  1
388  0
389  9
389  8
389  6
389  5
389  4
389  3
389  2
389  1
389  0
390  9
390  8
390  6
390  5
390  4
390  3
390  2
390  1
390  0
391  9
391  8
391  6
391  5
391  4
391  3
391  2
391  1
391  0
392  9
392  8
392  6
392  5
392  4
392  3
392  2
392  1
392  0
393  9
393  8
393  6
393  5
393  4
393  3
393  2
393  1
393  0
394  9
394  8
394  6
394  5
394  4
394  3
394  2
394  1
394  0
395  9
395  8
395  6
395  5
395  4
395  3
395  2
395  1
395  0
396  9
396  8
396  6
396  5
396  4
396  3
396  2
396  1
396  0
397  9
397  8
397  6
397  5
397  4
397  3
397  2
397  1
397  0
398  9
398  8
398  6
398  5
398  4
398  3
398  2
398  1
398  0
399  9
399  8
399  6
399  5
399  4
399  3
399  2
399  1
399  0
400  9
400  8
400  6
400  5
400  4
400  3
400  2
400  1
400  0
401  9
401  8
401  6
401  5
401  4
401  3
401  2
401  1
401  0
402  9
402  8
402  6
402  5
402  4
402  3
402  2
402  1
402  0
403  9
403  8
403  6
403  5
403  4
403  3
403  2
403  1
403  0
404  9
404  8
404  6
404  5
404  4
404  3
404  2
404  1
404  0
405  9
405  8
405  6
405  5
405  4
405  3
405  2
405  1
405  0
406  9
406  8
406  6
406  5
406  4
406  3
406  2
406  1
406  0
407  9
407  8
407  6
407  5
407  4
407  3
407  2
407  1
407  0
408  9
408  8
408  6
408  5
408  4
408  3
408  2
408  1
408  0
409  9
409  8
409  6
409  5
409  4
409  3
409  2
409  1
409  0
410  9
410  8
410  6
410  5
410  4
410  3
410  2
410  1
410  0
411  9
411  8
411  6
411  5
411  4
411  3
411  2
411  1
411  0
412  9
412  8
412  6
412  5
412  4
412  3
412  2
412  1
412  0
413  9
413  8
413  6
413  5
413  4
413  3
413  2
413  1
413  0
414  9
414  8
414  6
414  5
414  4
414  3
414  2
414  1
414  0
415  9
415  8
415  6
415  5
415  4
415  3
415  2
415  1
415  0
416  9
416  8
416  6
416  5
416  4
416  3
416  2
416  1
416  0
417  9
417  8
417  6
417  5
417  4
417  3
417  2
417  1
417  0
418  9
418  8
418  6
418  5
418  4
418  3
418  2
418  1
418  0
419  9
419  8
419  6
419  5
419  4
419  3
419  2
419  1
419  0
420  9
420  8
420  6
420  5
420  4
420  3
420  2
420  1
420  0
421  9
421  8
421  6
421  5
421  4
421  3
421  2
421  1
421  0
422  9
422  8
422  6
422  5
422  4
422  3
422  2
422  1
422  0
423  9
423  8
423  6
423  5
423  4
423  3
423  2
423  1
423  0
424  9
424  8
424  6
424  5
424  4
424  3
424  2
424  1
424  0
425  9
425  8
425  6
425  5
425  4
425  3
425  2
425  1
425  0
426  9
426  8
426  6
426  5
426  4
426  3
426  2
426  1
426  0
427  9
427  8
427  6
427  5
427  4
427  3
427  2
427  1
427  0
428  9
428  8
428  6
428  5
428  4
428  3
428  2
428  1
428  0
429  9
429  8
429  6
429  5
429  4
429  3
429  2
429  1
429  0
430  9
430  8
430  6
430  5
430  4
430  3
430  2
430  1
430  0
431  9
431  8
431  6
431  5
431  4
431  3
431  2
431  1
431  0
432  9
432  8
432  6
432  5
432  4
432  3
432  2
432  1
432  0
433  9
433  8
433  6
433  5
433  4
433  3
433  2
433  1
433  0
434  9
434  8
434  6
434  5
434  4
434  3
434  2
434  1
434  0
435  9
435  8
435  6
435  5
435  4
435  3
435  2
435  1
435  0
436  9
436  8
436  6
436  5
436  4
436  3
436  2
436  1
436  0
437  9
437  8
437  6
437  5
437  4
437  3
437  2
437  1
437  0
438  9
438  8
438  6
438  5
438  4
438  3
438  2
438  1
438  0
439  9
439  8
439  6
439  5
439  4
439  3
439  2
439  1
439  0
440  9
440  8
440  6
440  5
440  4
440  3
440  2
440  1
440  0
441  9
441  8
441  6
441  5
441  4
441  3
441  2
441  1
441  0
442  9
442  8
442  6
442  5
442  4
442  3
442  2
442  1
442  0
443  9
443  8
443  6
443  5
443  4
443  3
443  2
443  1
443  0
444  9
444  8
444  6
444  5
444  4
444  3
444  2
444  1
444  0
445  9
445  8
445  6
445  5
445  4
445  3
445  2
445  1
445  0
446  9
446  8
446  6
446  5
446  4
446  3
446  2
446  1
446  0
447  9
447  8
447  6
447  5
447  4
447  3
447  2
447  1
447  0
448  9
448  8
448  6
448  5
448  4
448  3
448  2
448  1
448  0
449  9
449  8
449  6
449  5
449  4
449  3
449  2
449  1
449  0
450  9
450  8
450  6
450  5
450  4
450  3
450  2
450  1
450  0
451  9
451  8
451  6
451  5
451  4
451  3
451  2
451  1
451  0
452  9
452  8
452  6
452  5
452  4
452  3
452  2
452  1
452  0
453  9
453  8
453  6
453  5
453  4
453  3
453  2
453  1
453  0
454  9
454  8
454  6
454  5
454  4
454  3
454  2
454  1
454  0
455  9
455  8
455  6
455  5
455  4
455  3
455  2
455  1
455  0
456  9
456  8
456  6
456  5
456  4
456  3
456  2
456  1
456  0
457  9
457  8
457  6
457  5
457  4
457  3
457  2
457  1
457  0
458  9
458  8
458  6
458  5
458  4
458  3
458  2
458  1
458  0
459  9
459  8
459  6
459  5
459  4
459  3
459  2
459  1
459  0
460  9
460  8
460  6
460  5
460  4
460  3
460  2
460  1
460  0
461  9
461  8
461  6
461  5
461  4
461  3
461  2
461  1
461  0
462  9
462  8
462  6
462  5
462  4
462  3
462  2
462  1
462  0
463  9
463  8
463  6
463  5
463  4
463  3
463  2
463  1
463  0
464  9
464  8
464  6
464  5
464  4
464  3
464  2
464  1
464  0
465  9
465  8
465  6
465  5
465  4
465  3
465  2
465  1
465  0
466  9
466  8
466  6
466  5
466  4
466  3
466  2
466  1
466  0
467  9
467  8
467  6
467  5
467  4
467  3
467  2
467  1
467  0
468  9
468  8
468  6
468  5
468  4
468  3
468  2
468  1
468  0
469  9
469  8
469  6
469  5
469  4
469  3
469  2
469  1
469  0
470  9
470  8
470  6
470  5
470  4
470  3
470  2
470  1
470  0
471  9
471  8
471  6
471  5
471  4
471  3
471  2
471  1
471  0
472  9
472  8
472  6
472  5
472  4
472  3
472  2
472  1
472  0
473  9
473  8
473  6
473  5
473  4
473  3
473  2
473  1
473  0
474  9
474  8
474  6
474  5
474  4
474  3
474  2
474  1
474  0
475  9
475  8
475  6
475  5
475  4
475  3
475  2
475  1
475  0
476  9
476  8
476  6
476  5
476  4
476  3
476  2
476  1
476  0
477  9
477  8
477  6
477  5
477  4
477  3
477  2
477  1
477  0
478  9
478  8
478  6
478  5
478  4
478  3
478  2
478  1
478  0
479  9
479  8
479  6
479  5
479  4
479  3
479  2
479  1
479  0
480  9
480  8
480  6
480  5
480  4
480  3
480  2
480  1
480  0
481  9
481  8
481  6
481  5
481  4
481  3
481  2
481  1
481  0
482  9
482  8
482  6
482  5
482  4
482  3
482  2
482  1
482  0
483  9
483  8
483  6
483  5
483  4
483  3
483  2
483  1
483  0
484  9
484  8
484  6
484  5
484  4
484  3
484  2
484  1
484  0
485  9
485  8
485  6
485  5
485  4
485  3
485  2
485  1
485  0
486  9
486  8
486  6
486  5
486  4
486  3
486  2
486  1
486  0
487  9
487  8
487  6
487  5
487  4
487  3
487  2
487  1
487  0
488  9
488  8
488  6
488  5
488  4
488  3
488  2
488  1
488  0
489  9
489  8
489  6
489  5
489  4
489  3
489  2
489  1
489  0
490  9
490  8
490  6
490  5
490  4
490  3
490  2
490  1
490  0
491  9
491  8
491  6
491  5
491  4
491  3
491  2
491  1
491  0
492  9
492  8
492  6
492  5
492  4
492  3
492  2
492  1
492  0
493  9
493  8
493  6
493  5
493  4
493  3
493  2
493  1
493  0
494  9
494  8
494  6
494  5
494  4
494  3
494  2
494  1
494  0
495  9
495  8
495  6
495  5
495  4
495  3
495  2
495  1
495  0
496  9
496  8
496  6
496  5
496  4
496  3
496  2
496  1
496  0
497  9
497  8
497  6
497  5
497  4
497  3
497  2
497  1
497  0
498  9
498  8
498  6
498  5
498  4
498  3
498  2
498  1
498  0
499  9
499  8
499  6
499  5
499  4
499  3
499  2
499  1
499  0
500  9
500  8
500  6
500  5
500  4
500  3
500  2
500  1
500  0
501  9
501  8
501  6
501  5
501  4
501  3
501  2
501  1
501  0
502  9
502  8
502  6
502  5
502  4
502  3
502  2
502  1
502  0
503  9
503  8
503  6
503  5
503  4
503  3
503  2
503  1
503  0
504  9
504  8
504  6
504  5
504  4
504  3
504  2
504  1
504  0
505  9
505  8
505  6
505  5
505  4
505  3
505  2
505  1
505  0
506  9
506  8
506  6
506  5
506  4
506  3
506  2
506  1
506  0
507  9
507  8
507  6
507  5
507  4
507  3
507  2
507  1
507  0
508  9
508  8
508  6
508  5
508  4
508  3
508  2
508  1
508  0
509  9
509  8
509  6
509  5
509  4
509  3
509  2
509  1
509  0
510  9
510  8
510  6
510  5
510  4
510  3
510  2
510  1
510  0
511  9
511  8
511  6
511  5
511  4
511  3
511  2
511  1
511  0
512  9
512  8
512  6
512  5
512  4
512  3
512  2
512  1
512  0
513  9
513  8
513  6
513  5
513  4
513  3
513  2
513  1
513  0
514  9
514  8
514  6
514  5
514  4
514  3
514  2
514  1
514  0
515  9
515  8
515  6
515  5
515  4
515  3
515  2
515  1
515  0
516  9
516  8
516  6
516  5
516  4
516  3
516  2
516  1
516  0
517  9
517  8
517  6
517  5
517  4
517  3
517  2
517  1
517  0
518  9
518  8
518  6
518  5
518  4
518  3
518  2
518  1
518  0
519  9
519  8
519  6
519  5
519  4
519  3
519  2
519  1
519  0
520  9
520  8
520  6
520  5
520  4
520  3
520  2
520  1
520  0
521  9
521  8
521  6
521  5
521  4
521  3
521  2
521  1
521  0
522  9
522  8
522  6
522  5
522  4
522  3
522  2
522  1
522  0
523  9
523  8
523  6
523  5
523  4
523  3
523  2
523  1
523  0
524  9
524  8
524  6
524  5
524  4
524  3
524  2
524  1
524  0
525  9
525  8
525  6
525  5
525  4
525  3
525  2
525  1
525  0
526  9
526  8
526  6
526  5
526  4
526  3
526  2
526  1
526  0
527  9
527  8
527  6
527  5
527  4
527  3
527  2
527  1
527  0
528  9
528  8
528  6
528  5
528  4
528  3
528  2
528  1
528  0
529  9
529  8
529  6
529  5
529  4
529  3
529  2
529  1
529  0
530  9
530  8
530  6
530  5
530  4
530  3
530  2
530  1
530  0
531  9
531  8
531  6
531  5
531  4
531  3
531  2
531  1
531  0
532  9
532  8
532  6
532  5
532  4
532  3
532  2
532  1
532  0
533  9
533  8
533  6
533  5
533  4
533  3
533  2
533  1
533  0
534  9
534  8
534  6
534  5
534  4
534  3
534  2
534  1
534  0
535  9
535  8
535  6
535  5
535  4
535  3
535  2
535  1
535  0
536  9
536  8
536  6
536  5
536  4
536  3
536  2
536  1
536  0
537  9
537  8
537  6
537  5
537  4
537  3
537  2
537  1
537  0
538  9
538  8
538  6
538  5
538  4
538  3
538  2
538  1
538  0
539  9
539  8
539  6
539  5
539  4
539  3
539  2
539  1
539  0
540  9
540  8
540  6
540  5
540  4
540  3
540  2
540  1
540  0
541  9
541  8
541  6
541  5
541  4
541  3
541  2
541  1
541  0
542  9
542  8
542  6
542  5
542  4
542  3
542  2
542  1
542  0
543  9
543  8
543  6
543  5
543  4
543  3
543  2
543  1
543  0
544  9
544  8
544  6
544  5
544  4
544  3
544  2
544  1
544  0
545  9
545  8
545  6
545  5
545  4
545  3
545  2
545  1
545  0
546  9
546  8
546  6
546  5
546  4
546  3
546  2
546  1
546  0
547  9
547  8
547  6
547  5
547  4
547  3
547  2
547  1
547  0
548  9
548  8
548  6
548  5
548  4
548  3
548  2
548  1
548  0
549  9
549  8
549  6
549  5
549  4
549  3
549  2
549  1
549  0
550  9
550  8
550  6
550  5
550  4
550  3
550  2
550  1
550  0
551  9
551  8
551  6
551  5
551  4
551  3
551  2
551  1
551  0
552  9
552  8
552  6
552  5
552  4
552  3
552  2
552  1
552  0
553  9
553  8
553  6
553  5
553  4
553  3
553  2
553  1
553  0
554  9
554  8
554  6
554  5
554  4
554  3
554  2
554  1
554  0
555  9
555  8
555  6
555  5
555  4
555  3
555  2
555  1
555  0
556  9
556  8
556  6
556  5
556  4
556  3
556  2
556  1
556  0
557  9
557  8
557  6
557  5
557  4
557  3
557  2
557  1
557  0
558  9
558  8
558  6
558  5
558  4
558  3
558  2
558  1
558  0
559  9
559  8
559  6
559  5
559  4
559  3
559  2
559  1
559  0
560  9
560  8
560  6
560  5
560  4
560  3
560  2
560  1
560  0
561  9
561  8
561  6
561  5
561  4
561  3
561  2
561  1
561  0
562  9
562  8
562  6
562  5
562  4
562  3
562  2
562  1
562  0
563  9
563  8
563  6
563  5
563  4
563  3
563  2
563  1
563  0
564  9
564  8
564  6
564  5
564  4
564  3
564  2
564  1
564  0
565  9
565  8
565  6
565  5
565  4
565  3
565  2
565  1
565  0
566  9
566  8
566  6
566  5
566  4
566  3
566  2
566  1
566  0
567  9
567  8
567  6
567  5
567  4
567  3
567  2
567  1
567  0
568  9
568  8
568  6
568  5
568  4
568  3
568  2
568  1
568  0
569  9
569  8
569  6
569  5
569  4
569  3
569  2
569  1
569  0
570  9
570  8
570  6
570  5
570  4
570  3
570  2
570  1
570  0
571  9
571  8
571  6
571  5
571  4
571  3
571  2
571  1
571  0
572  9
572  8
572  6
572  5
572  4
572  3
572  2
572  1
572  0
573  9
573  8
573  6
573  5
573  4
573  3
573  2
573  1
573  0
574  9
574  8
574  6
574  5
574  4
574  3
574  2
574  1
574  0
575  9
575  8
575  6
575  5
575  4
575  3
575  2
575  1
575  0
576  9
576  8
576  6
576  5
576  4
576  3
576  2
576  1
576  0
577  9
577  8
577  6
577  5
577  4
577  3
577  2
577  1
577  0
578  9
578  8
578  6
578  5
578  4
578  3
578  2
578  1
578  0
579  9
579  8
579  6
579  5
579  4
579  3
579  2
579  1
579  0
580  9
580  8
580  6
580  5
580  4
580  3
580  2
580  1
580  0
581  9
581  8
581  6
581  5
581  4
581  3
581  2
581  1
581  0
582  9
582  8
582  6
582  5
582  4
582  3
582  2
582  1
582  0
583  9
583  8
583  6
583  5
583  4
583  3
583  2
583  1
583  0
584  9
584  8
584  6
584  5
584  4
584  3
584  2
584  1
584  0
585  9
585  8
585  6
585  5
585  4
585  3
585  2
585  1
585  0
586  9
586  8
586  6
586  5
586  4
586  3
586  2
586  1
586  0
587  9
587  8
587  6
587  5
587  4
587  3
587  2
587  1
587  0
588  9
588  8
588  6
588  5
588  4
588  3
588  2
588  1
588  0
589  9
589  8
589  6
589  5
589  4
589  3
589  2
589  1
589  0
590  9
590  8
590  6
590  5
590  4
590  3
590  2
590  1
590  0
591  9
591  8
591  6
591  5
591  4
591  3
591  2
591  1
591  0
592  9
592  8
592  6
592  5
592  4
592  3
592  2
592  1
592  0
593  9
593  8
593  6
593  5
593  4
593  3
593  2
593  1
593  0
594  9
594  8
594  6
594  5
594  4
594  3
594  2
594  1
594  0
595  9
595  8
595  6
595  5
595  4
595  3
595  2
595  1
595  0
596  9
596  8
596  6
596  5
596  4
596  3
596  2
596  1
596  0
597  9
597  8
597  6
597  5
597  4
597  3
597  2
597  1
597  0
598  9
598  8
598  6
598  5
598  4
598  3
598  2
598  1
598  0
599  9
599  8
599  6
599  5
599  4
599  3
599  2
599  1
599  0
600  9
600  8
600  6
600  5
600  4
600  3
600  2
600  1
600  0
601  9
601  8
601  6
601  5
601  4
601  3
601  2
601  1
601  0
602  9
602  8
602  6
602  5
602  4
602  3
602  2
602  1
602  0
603  9
603  8
603  6
603  5
603  4
603  3
603  2
603  1
603  0
604  9
604  8
604  6
604  5
604  4
604  3
604  2
604  1
604  0
605  9
605  8
605  6
605  5
605  4
605  3
605  2
605  1
605  0
606  9
606  8
606  6
606  5
606  4
606  3
606  2
606  1
606  0
607  9
607  8
607  6
607  5
607  4
607  3
607  2
607  1
607  0
608  9
608  8
608  6
608  5
608  4
608  3
608  2
608  1
608  0
609  9
609  8
609  6
609  5
609  4
609  3
609  2
609  1
609  0
610  9
610  8
610  6
610  5
610  4
610  3
610  2
610  1
610  0
611  9
611  8
611  6
611  5
611  4
611  3
611  2
611  1
611  0
612  9
612  8
612  6
612  5
612  4
612  3
612  2
612  1
612  0
613  9
613  8
613  6
613  5
613  4
613  3
613  2
613  1
613  0
614  9
614  8
614  6
614  5
614  4
614  3
614  2
614  1
614  0
615  9
615  8
615  6
615  5
615  4
615  3
615  2
615  1
615  0
616  9
616  8
616  6
616  5
616  4
616  3
616  2
616  1
616  0
617  9
617  8
617  6
617  5
617  4
617  3
617  2
617  1
617  0
618  9
618  8
618  6
618  5
618  4
618  3
618  2
618  1
618  0
619  9
619  8
619  6
619  5
619  4
619  3
619  2
619  1
619  0
620  9
620  8
620  6
620  5
620  4
620  3
620  2
620  1
620  0
621  9
621  8
621  6
621  5
621  4
621  3
621  2
621  1
621  0
622  9
622  8
622  6
622  5
622  4
622  3
622  2
622  1
622  0
623  9
623  8
623  6
623  5
623  4
623  3
623  2
623  1
623  0
624  9
624  8
624  6
624  5
624  4
624  3
624  2
624  1
624  0
625  9
625  8
625  6
625  5
625  4
625  3
625  2
625  1
625  0
626  9
626  8
626  6
626  5
626  4
626  3
626  2
626  1
626  0
627  9
627  8
627  6
627  5
627  4
627  3
627  2
627  1
627  0
628  9
628  8
628  6
628  5
628  4
628  3
628  2
628  1
628  0
629  9
629  8
629  6
629  5
629  4
629  3
629  2
629  1
629  0
630  9
630  8
630  6
630  5
630  4
630  3
630  2
630  1
630  0
631  9
631  8
631  6
631  5
631  4
631  3
631  2
631  1
631  0
632  9
632  8
632  6
632  5
632  4
632  3
632  2
632  1
632  0
633  9
633  8
633  6
633  5
633  4
633  3
633  2
633  1
633  0
634  9
634  8
634  6
634  5
634  4
634  3
634  2
634  1
634  0
635  9
635  8
635  6
635  5
635  4
635  3
635  2
635  1
635  0
636  9
636  8
636  6
636  5
636  4
636  3
636  2
636  1
636  0
637  9
637  8
637  6
637  5
637  4
637  3
637  2
637  1
637  0
638  9
638  8
638  6
638  5
638  4
638  3
638  2
638  1
638  0
639  9
639  8
639  6
639  5
639  4
639  3
639  2
639  1
639  0
640  9
640  8
640  6
640  5
640  4
640  3
640  2
640  1
640  0
641  9
641  8
641  6
641  5
641  4
641  3
641  2
641  1
641  0
642  9
642  8
642  6
642  5
642  4
642  3
642  2
642  1
642  0
643  9
643  8
643  6
643  5
643  4
643  3
643  2
643  1
643  0
644  9
644  8
644  6
644  5
644  4
644  3
644  2
644  1
644  0
645  9
645  8
645  6
645  5
645  4
645  3
645  2
645  1
645  0
646  9
646  8
646  6
646  5
646  4
646  3
646  2
646  1
646  0
647  9
647  8
647  6
647  5
647  4
647  3
647  2
647  1
647  0
648  9
648  8
648  6
648  5
648  4
648  3
648  2
648  1
648  0
649  9
649  8
649  6
649  5
649  4
649  3
649  2
649  1
649  0
650  9
650  8
650  6
650  5
650  4
650  3
650  2
650  1
650  0
651  9
651  8
651  6
651  5
651  4
651  3
651  2
651  1
651  0
652  9
652  8
652  6
652  5
652  4
652  3
652  2
652  1
652  0
653  9
653  8
653  6
653  5
653  4
653  3
653  2
653  1
653  0
654  9
654  8
654  6
654  5
654  4
654  3
654  2
654  1
654  0
655  9
655  8
655  6
655  5
655  4
655  3
655  2
655  1
655  0
656  9
656  8
656  6
656  5
656  4
656  3
656  2
656  1
656  0
657  9
657  8
657  6
657  5
657  4
657  3
657  2
657  1
657  0
658  9
658  8
658  6
658  5
658  4
658  3
658  2
658  1
658  0
659  9
659  8
659  6
659  5
659  4
659  3
659  2
659  1
659  0
660  9
660  8
660  6
660  5
660  4
660  3
660  2
660  1
660  0
661  9
661  8
661  6
661  5
661  4
661  3
661  2
661  1
661  0
662  9
662  8
662  6
662  5
662  4
662  3
662  2
662  1
662  0
663  9
663  8
663  6
663  5
663  4
663  3
663  2
663  1
663  0
664  9
664  8
664  6
664  5
664  4
664  3
664  2
664  1
664  0
665  9
665  8
665  6
665  5
665  4
665  3
665  2
665  1
665  0
666  9
666  8
666  6
666  5
666  4
666  3
666  2
666  1
666  0
667  9
667  8
667  6
667  5
667  4
667  3
667  2
667  1
667  0
668  9
668  8
668  6
668  5
668  4
668  3
668  2
668  1
668  0
669  9
669  8
669  6
669  5
669  4
669  3
669  2
669  1
669  0
670  9
670  8
670  6
670  5
670  4
670  3
670  2
670  1
670  0
671  9
671  8
671  6
671  5
671  4
671  3
671  2
671  1
671  0
672  9
672  8
672  6
672  5
672  4
672  3
672  2
672  1
672  0
673  9
673  8
673  6
673  5
673  4
673  3
673  2
673  1
673  0
674  9
674  8
674  6
674  5
674  4
674  3
674  2
674  1
674  0
675  9
675  8
675  6
675  5
675  4
675  3
675  2
675  1
675  0
676  9
676  8
676  6
676  5
676  4
676  3
676  2
676  1
676  0
677  9
677  8
677  6
677  5
677  4
677  3
677  2
677  1
677  0
678  9
678  8
678  6
678  5
678  4
678  3
678  2
678  1
678  0
679  9
679  8
679  6
679  5
679  4
679  3
679  2
679  1
679  0
680  9
680  8
680  6
680  5
680  4
680  3
680  2
680  1
680  0
681  9
681  8
681  6
681  5
681  4
681  3
681  2
681  1
681  0
682  9
682  8
682  6
682  5
682  4
682  3
682  2
682  1
682  0
683  9
683  8
683  6
683  5
683  4
683  3
683  2
683  1
683  0
684  9
684  8
684  6
684  5
684  4
684  3
684  2
684  1
684  0
685  9
685  8
685  6
685  5
685  4
685  3
685  2
685  1
685  0
686  9
686  8
686  6
686  5
686  4
686  3
686  2
686  1
686  0
687  9
687  8
687  6
687  5
687  4
687  3
687  2
687  1
687  0
688  9
688  8
688  6
688  5
688  4
688  3
688  2
688  1
688  0
689  9
689  8
689  6
689  5
689  4
689  3
689  2
689  1
689  0
690  9
690  8
690  6
690  5
690  4
690  3
690  2
690  1
690  0
691  9
691  8
691  6
691  5
691  4
691  3
691  2
691  1
691  0
692  9
692  8
692  6
692  5
692  4
692  3
692  2
692  1
692  0
693  9
693  8
693  6
693  5
693  4
693  3
693  2
693  1
693  0
694  9
694  8
694  6
694  5
694  4
694  3
694  2
694  1
694  0
695  9
695  8
695  6
695  5
695  4
695  3
695  2
695  1
695  0
696  9
696  8
696  6
696  5
696  4
696  3
696  2
696  1
696  0
697  9
697  8
697  6
697  5
697  4
697  3
697  2
697  1
697  0
698  9
698  8
698  6
698  5
698  4
698  3
698  2
698  1
698  0
699  9
699  8
699  6
699  5
699  4
699  3
699  2
699  1
699  0
